$ANSIBLE_VAULT;1.1;AES256
64643738623566363161643430653332376232336430356231656233323335623362363662656164
6436616439623832663934643330303738316538616539660a663136393736323835646133316331
34376563303437346638613439353765366661383434333062343461373737663335393861656639
3561653831616362340a316362646664666266333537333234663162663535316365663736633330
30623166356130323539396133656565643334616331376265636234323839373437323033366262
66373664323133316163393037643366663665636430373863623663613733623163633666653432
37383030326235633336396431613638653430363764346461323166353834653336373936613231
30386665643364346432376336316238366236383963333861376435356631383639653030313437
39383466313365653231383831646364323363383335343833393432343234313365356265343563
32363861656265663635303935663061613563316234663530303937656134366432636365393931
61653566653936363532653032386537653730343066343636613331383739346666653233343561
31306365333965393261613665623165313333623133366533666633363736356164643430356537
30363538623362373136623135386539363132636630306561323935633737663039656337616337
66633138616630386262643265316337656338643030313735636134346665346333656633663265
61336263663630313733383266323862613161643837663339656361633662613566613862643435
61613630306234346133396130653634376565393639643033396432333535353966336134363430
37356435323637353630656431653263363963616532316530623631353234313361
